55023
50980
60840
20806
36354
42645
64108
12582
37399
11733
25798
893
48991
19592
50788
26030
26034
2724
55888
33181
3484
57297
29985
9632
45270
28519
9461
33913
7141
50646
18953
12768
28237
9875
48035
2377
26624
5916
20371
14905
57140
8132
24411
27611
54141
39389
38057
57674
13369
7021
14424
59374
1519
43598
45496
4603
42923
20743
59479
32864
18686
23179
60673
32024
34351
45535
12923
1647
3626
48964
62979
11440
53608
58534
22216
47288
11884
18093
63185
17055
21329
58913
11954
8218
35016
48843
49426
347
44607
49244
15275
16779
26845
32108
47312
39680
24178
22413
54976
20028
6104
44978
36978
18514
46691
16249
11340
45986
11714
59802
188
33988
2580
18568
31017
2391
11627
64109
11131
21090
29124
58804
4908
10997
50799
64825
38828
12942
31027
35203
38675
13963
46607
9680
16856
63210
51433
4530
25589
52639
21772
20759
54785
29951
26523
8649
19238
18266
64718
24356
13382
53402
37678
58090
60487
38858
15888
39326
39824
33445
44658
53011
47331
7989
17234
50035
55203
31220
46253
25989
15235
33374
46172
20985
196
46698
49509
6723
10058
22465
50065
45145
55342
7078
47775
44766
45440
33579
51916
52285
16788
38944
48658
6070
44048
38673
30163
12837
57407
13685
64964
39393
4772
31631
40695
14456
50694
20153
38290
61365
15946
54750
19516
43168
19693
21793
35084
43550
9220
64821
36238
9588
42954
42954
12897
65163
15695
28620
21759
29699
31339
59386
60726
50622
33868
55902
13076
58601
64526
4788
55223
38406
6392
60035
4327
51941
56686
8095
62201
25103
47551
45417
49976
47679
52092
64810
63906
63677
29234
32071
19974
8714
25629
19684
4216
55339
15005
27589
59212
27898
44484
43897
35495
25155
15732
54560
26912
38961
7280
34055
22700
31088
4778
58452
58382
9584
15179
25634
14217
55754
10165
8582
9740
47213
19830
61773
15080
20254
28221
61865